# vtk DataFile Version 2.0
square1_10, Created by Gmsh 4.11.1 
ASCII
DATASET UNSTRUCTURED_GRID
POINTS 441 double
0 0 0
1 0 0
1 1 0
0 1 0
1 0.15 0
0.95 1 0
1 0.95 0
1 0.8500000000000001 0
1 0.75 0
1 0.6500000000000001 0
1 0.55 0
1 0.45 0
1 0.35 0
1 0.25 0
0.8500000000000001 1 0
1 0.05 0
0.95 0 0
0.8500000000000001 0 0
0.75 0 0
0.6500000000000001 0 0
0.55 0 0
0.45 0 0
0.35 0 0
0 0.95 0
0 0.04999999999999999 0
0 0.15 0
0 0.2499999999999999 0
0 0.3499999999999999 0
0 0.45 0
0 0.55 0
0 0.6499999999999999 0
0 0.75 0
0 0.8500000000000001 0
0.25 0 0
0.04999999999999999 1 0
0.15 1 0
0.2499999999999999 1 0
0.3499999999999999 1 0
0.45 1 0
0.55 1 0
0.6499999999999999 1 0
0.75 1 0
1 0.1 0
0.9 1 0
1 0.9 0
1 0.8 0
1 0.7000000000000001 0
1 0.6000000000000001 0
1 0.5 0
1 0.4 0
1 0.3 0
1 0.2 0
0.8 1 0
0.9 0 0
0.8 0 0
0.7000000000000001 0 0
0.6000000000000001 0 0
0.5 0 0
0.4 0 0
0.3 0 0
0.2 0 0
0 0.8 0
0.15 0 0
0.05 0 0
0 0.09999999999999998 0
0 0.2 0
0 0.2999999999999999 0
0 0.3999999999999999 0
0 0.5 0
0 0.6 0
0 0.7 0
0.1 0 0
0 0.9 0
0.09999999999999998 1 0
0.2 1 0
0.2999999999999999 1 0
0.3999999999999999 1 0
0.5 1 0
0.6 1 0
0.7 1 0
0.09999999999999998 0.09999999999999998 0
0.09999999999999998 0.2 0
0.1000000000000001 0.2999999999999999 0
0.09999999999999992 0.3999999999999999 0
0.09999999999999998 0.5 0
0.09999999999999998 0.6 0
0.09999999999999998 0.7 0
0.09999999999999998 0.8 0
0.09999999999999998 0.9 0
0.1999999999999999 0.1 0
0.2 0.2 0
0.2 0.3 0
0.2 0.3999999999999999 0
0.2 0.5 0
0.2 0.6 0
0.2 0.7 0
0.2 0.8 0
0.2 0.9 0
0.3 0.1000000000000001 0
0.2999999999999999 0.1999999999999999 0
0.3 0.3 0
0.3 0.3999999999999999 0
0.3 0.5 0
0.3 0.6 0
0.2999999999999999 0.7 0
0.2999999999999999 0.8 0
0.2999999999999999 0.9 0
0.4 0.09999999999999998 0
0.4 0.2 0
0.4 0.2999999999999999 0
0.4 0.4 0
0.4 0.5 0
0.4 0.6 0
0.3999999999999999 0.7 0
0.3999999999999999 0.8 0
0.4 0.8999999999999999 0
0.5 0.09999999999999992 0
0.5 0.2 0
0.5 0.2999999999999999 0
0.5 0.4 0
0.5 0.5 0
0.5 0.6000000000000001 0
0.5 0.7 0
0.5 0.8 0
0.5 0.9 0
0.6000000000000001 0.09999999999999998 0
0.6000000000000001 0.2 0
0.6000000000000001 0.2999999999999999 0
0.6000000000000001 0.4 0
0.6000000000000001 0.5 0
0.6000000000000001 0.6000000000000001 0
0.6000000000000001 0.7 0
0.6 0.8 0
0.6 0.9 0
0.7000000000000001 0.09999999999999998 0
0.7000000000000001 0.2 0
0.7000000000000001 0.3 0
0.7 0.4 0
0.7000000000000001 0.5 0
0.7000000000000001 0.6000000000000001 0
0.7 0.7000000000000001 0
0.7 0.8 0
0.7 0.9 0
0.8 0.09999999999999998 0
0.7999999999999999 0.2 0
0.8 0.3 0
0.8 0.4 0
0.8 0.5 0
0.8 0.6000000000000001 0
0.8 0.7000000000000001 0
0.8 0.8 0
0.8 0.9 0
0.9 0.09999999999999998 0
0.9 0.2 0
0.8999999999999999 0.3 0
0.9000000000000001 0.4 0
0.9 0.5 0
0.9 0.6000000000000001 0
0.8999999999999999 0.7000000000000001 0
0.8999999999999999 0.8 0
0.9 0.9 0
0.09999999999999999 0.04999999999999999 0
0.04999999999999999 0.09999999999999998 0
0.05 0.04999999999999999 0
0.09999999999999998 0.15 0
0.04999999999999999 0.2 0
0.04999999999999999 0.15 0
0.1 0.2499999999999999 0
0.05000000000000005 0.2999999999999999 0
0.05000000000000002 0.2499999999999999 0
0.1 0.3499999999999999 0
0.04999999999999996 0.3999999999999999 0
0.05 0.3499999999999999 0
0.09999999999999995 0.45 0
0.04999999999999999 0.5 0
0.04999999999999998 0.45 0
0.09999999999999998 0.55 0
0.04999999999999999 0.6 0
0.04999999999999999 0.55 0
0.09999999999999998 0.6499999999999999 0
0.04999999999999999 0.7 0
0.04999999999999999 0.6499999999999999 0
0.09999999999999998 0.75 0
0.04999999999999999 0.8 0
0.04999999999999999 0.75 0
0.09999999999999998 0.8500000000000001 0
0.04999999999999999 0.9 0
0.04999999999999999 0.8500000000000001 0
0.09999999999999998 0.95 0
0.04999999999999999 0.95 0
0.2 0.05 0
0.1499999999999999 0.09999999999999999 0
0.15 0.05 0
0.2 0.15 0
0.15 0.2 0
0.15 0.15 0
0.2 0.25 0
0.15 0.2999999999999999 0
0.15 0.25 0
0.2 0.35 0
0.15 0.3999999999999999 0
0.15 0.3499999999999999 0
0.2 0.45 0
0.15 0.5 0
0.15 0.45 0
0.2 0.55 0
0.15 0.6 0
0.15 0.55 0
0.2 0.6499999999999999 0
0.15 0.7 0
0.15 0.6499999999999999 0
0.2 0.75 0
0.15 0.8 0
0.15 0.75 0
0.2 0.8500000000000001 0
0.15 0.9 0
0.15 0.8500000000000001 0
0.2 0.95 0
0.15 0.95 0
0.3 0.05000000000000005 0
0.2499999999999999 0.1000000000000001 0
0.2499999999999999 0.05000000000000003 0
0.2999999999999999 0.15 0
0.2499999999999999 0.2 0
0.2499999999999999 0.15 0
0.2999999999999999 0.2499999999999999 0
0.25 0.3 0
0.25 0.2499999999999999 0
0.3 0.35 0
0.25 0.3999999999999999 0
0.25 0.35 0
0.3 0.45 0
0.25 0.5 0
0.25 0.45 0
0.3 0.55 0
0.25 0.6 0
0.25 0.55 0
0.2999999999999999 0.6499999999999999 0
0.2499999999999999 0.7 0
0.25 0.6499999999999999 0
0.2999999999999999 0.75 0
0.2499999999999999 0.8 0
0.2499999999999999 0.75 0
0.2999999999999999 0.8500000000000001 0
0.2499999999999999 0.9 0
0.2499999999999999 0.8500000000000001 0
0.2999999999999999 0.95 0
0.2499999999999999 0.95 0
0.4 0.04999999999999999 0
0.35 0.1 0
0.35 0.05000000000000002 0
0.4 0.15 0
0.35 0.2 0
0.35 0.15 0
0.4 0.2499999999999999 0
0.35 0.2999999999999999 0
0.3499999999999999 0.2499999999999999 0
0.4 0.35 0
0.35 0.4 0
0.35 0.35 0
0.4 0.45 0
0.35 0.5 0
0.35 0.45 0
0.4 0.55 0
0.35 0.6 0
0.35 0.55 0
0.4 0.6499999999999999 0
0.3499999999999999 0.7 0
0.35 0.6499999999999999 0
0.3999999999999999 0.75 0
0.3499999999999999 0.8 0
0.3499999999999999 0.75 0
0.4 0.85 0
0.35 0.8999999999999999 0
0.35 0.8500000000000001 0
0.4 0.95 0
0.3499999999999999 0.95 0
0.5 0.04999999999999996 0
0.45 0.09999999999999995 0
0.4500000000000001 0.04999999999999998 0
0.5 0.15 0
0.45 0.2 0
0.4500000000000001 0.15 0
0.5 0.2499999999999999 0
0.45 0.2999999999999999 0
0.4500000000000001 0.2499999999999999 0
0.5 0.35 0
0.45 0.4 0
0.4500000000000001 0.35 0
0.5 0.45 0
0.45 0.5 0
0.4500000000000001 0.45 0
0.5 0.55 0
0.45 0.6000000000000001 0
0.4500000000000001 0.55 0
0.5 0.65 0
0.45 0.7 0
0.45 0.6499999999999999 0
0.5 0.75 0
0.45 0.8 0
0.45 0.75 0
0.5 0.8500000000000001 0
0.45 0.8999999999999999 0
0.45 0.8500000000000001 0
0.5 0.95 0
0.45 0.95 0
0.6000000000000001 0.04999999999999999 0
0.55 0.09999999999999995 0
0.55 0.04999999999999998 0
0.6000000000000001 0.15 0
0.55 0.2 0
0.55 0.15 0
0.6000000000000001 0.2499999999999999 0
0.55 0.2999999999999999 0
0.55 0.2499999999999999 0
0.6000000000000001 0.35 0
0.55 0.4 0
0.55 0.35 0
0.6000000000000001 0.45 0
0.55 0.5 0
0.55 0.45 0
0.6000000000000001 0.55 0
0.55 0.6000000000000001 0
0.55 0.55 0
0.6000000000000001 0.65 0
0.55 0.7 0
0.55 0.65 0
0.6000000000000001 0.75 0
0.55 0.8 0
0.55 0.75 0
0.6 0.8500000000000001 0
0.55 0.9 0
0.55 0.8500000000000001 0
0.6 0.95 0
0.55 0.95 0
0.7000000000000001 0.04999999999999999 0
0.6500000000000001 0.09999999999999998 0
0.6500000000000001 0.04999999999999999 0
0.7000000000000001 0.15 0
0.6500000000000001 0.2 0
0.6500000000000001 0.15 0
0.7000000000000001 0.25 0
0.6500000000000001 0.2999999999999999 0
0.6500000000000001 0.25 0
0.7 0.35 0
0.65 0.4 0
0.6500000000000001 0.35 0
0.7 0.45 0
0.6500000000000001 0.5 0
0.6500000000000001 0.45 0
0.7000000000000001 0.55 0
0.6500000000000001 0.6000000000000001 0
0.6500000000000001 0.55 0
0.7 0.6500000000000001 0
0.65 0.7 0
0.6500000000000001 0.6499999999999999 0
0.7 0.75 0
0.6499999999999999 0.8 0
0.6499999999999999 0.75 0
0.7 0.8500000000000001 0
0.6499999999999999 0.9 0
0.6499999999999999 0.8500000000000001 0
0.7 0.95 0
0.6499999999999999 0.95 0
0.8 0.04999999999999999 0
0.75 0.09999999999999998 0
0.75 0.04999999999999999 0
0.8 0.15 0
0.75 0.2 0
0.75 0.15 0
0.8 0.25 0
0.75 0.3 0
0.75 0.25 0
0.8 0.35 0
0.75 0.4 0
0.75 0.35 0
0.8 0.45 0
0.75 0.5 0
0.75 0.45 0
0.8 0.55 0
0.75 0.6000000000000001 0
0.75 0.55 0
0.8 0.6500000000000001 0
0.75 0.7000000000000001 0
0.75 0.6500000000000001 0
0.8 0.75 0
0.75 0.8 0
0.75 0.75 0
0.8 0.8500000000000001 0
0.75 0.9 0
0.75 0.8500000000000001 0
0.8 0.95 0
0.75 0.95 0
0.9 0.04999999999999999 0
0.8500000000000001 0.09999999999999998 0
0.8500000000000001 0.04999999999999999 0
0.9 0.15 0
0.85 0.2 0
0.8500000000000001 0.15 0
0.8999999999999999 0.25 0
0.85 0.3 0
0.8500000000000001 0.25 0
0.9 0.35 0
0.8500000000000001 0.4 0
0.85 0.35 0
0.9000000000000001 0.45 0
0.8500000000000001 0.5 0
0.8500000000000001 0.45 0
0.9 0.55 0
0.8500000000000001 0.6000000000000001 0
0.8500000000000001 0.55 0
0.8999999999999999 0.6500000000000001 0
0.85 0.7000000000000001 0
0.8499999999999999 0.6500000000000001 0
0.8999999999999999 0.75 0
0.85 0.8 0
0.8500000000000001 0.75 0
0.8999999999999999 0.8500000000000001 0
0.8500000000000001 0.9 0
0.8499999999999999 0.8500000000000001 0
0.9 0.95 0
0.8500000000000001 0.95 0
0.95 0.09999999999999999 0
0.95 0.05 0
0.95 0.2 0
0.95 0.15 0
0.95 0.3 0
0.95 0.25 0
0.9500000000000001 0.4 0
0.95 0.35 0
0.95 0.5 0
0.95 0.45 0
0.95 0.6000000000000001 0
0.95 0.55 0
0.95 0.7000000000000001 0
0.95 0.6500000000000001 0
0.95 0.8 0
0.95 0.75 0
0.95 0.9 0
0.95 0.8500000000000001 0
0.95 0.95 0

CELLS 484 2248
1 0
1 1
1 2
1 3
2 0 63
2 63 71
2 71 62
2 62 60
2 60 33
2 33 59
2 59 22
2 22 58
2 58 21
2 21 57
2 57 20
2 20 56
2 56 19
2 19 55
2 55 18
2 18 54
2 54 17
2 17 53
2 53 16
2 16 1
2 1 15
2 15 42
2 42 4
2 4 51
2 51 13
2 13 50
2 50 12
2 12 49
2 49 11
2 11 48
2 48 10
2 10 47
2 47 9
2 9 46
2 46 8
2 8 45
2 45 7
2 7 44
2 44 6
2 6 2
2 2 5
2 5 43
2 43 14
2 14 52
2 52 41
2 41 79
2 79 40
2 40 78
2 78 39
2 39 77
2 77 38
2 38 76
2 76 37
2 37 75
2 75 36
2 36 74
2 74 35
2 35 73
2 73 34
2 34 3
2 3 23
2 23 72
2 72 32
2 32 61
2 61 31
2 31 70
2 70 30
2 30 69
2 69 29
2 29 68
2 68 28
2 28 67
2 67 27
2 27 66
2 66 26
2 26 65
2 65 25
2 25 64
2 64 24
2 24 0
4 0 63 163 24
4 63 71 161 163
4 163 161 80 162
4 24 163 162 64
4 64 162 166 25
4 162 80 164 166
4 166 164 81 165
4 25 166 165 65
4 65 165 169 26
4 165 81 167 169
4 169 167 82 168
4 26 169 168 66
4 66 168 172 27
4 168 82 170 172
4 172 170 83 171
4 27 172 171 67
4 67 171 175 28
4 171 83 173 175
4 175 173 84 174
4 28 175 174 68
4 68 174 178 29
4 174 84 176 178
4 178 176 85 177
4 29 178 177 69
4 69 177 181 30
4 177 85 179 181
4 181 179 86 180
4 30 181 180 70
4 70 180 184 31
4 180 86 182 184
4 184 182 87 183
4 31 184 183 61
4 61 183 187 32
4 183 87 185 187
4 187 185 88 186
4 32 187 186 72
4 72 186 189 23
4 186 88 188 189
4 189 188 73 34
4 23 189 34 3
4 71 62 192 161
4 62 60 190 192
4 192 190 89 191
4 161 192 191 80
4 80 191 195 164
4 191 89 193 195
4 195 193 90 194
4 164 195 194 81
4 81 194 198 167
4 194 90 196 198
4 198 196 91 197
4 167 198 197 82
4 82 197 201 170
4 197 91 199 201
4 201 199 92 200
4 170 201 200 83
4 83 200 204 173
4 200 92 202 204
4 204 202 93 203
4 173 204 203 84
4 84 203 207 176
4 203 93 205 207
4 207 205 94 206
4 176 207 206 85
4 85 206 210 179
4 206 94 208 210
4 210 208 95 209
4 179 210 209 86
4 86 209 213 182
4 209 95 211 213
4 213 211 96 212
4 182 213 212 87
4 87 212 216 185
4 212 96 214 216
4 216 214 97 215
4 185 216 215 88
4 88 215 218 188
4 215 97 217 218
4 218 217 74 35
4 188 218 35 73
4 60 33 221 190
4 33 59 219 221
4 221 219 98 220
4 190 221 220 89
4 89 220 224 193
4 220 98 222 224
4 224 222 99 223
4 193 224 223 90
4 90 223 227 196
4 223 99 225 227
4 227 225 100 226
4 196 227 226 91
4 91 226 230 199
4 226 100 228 230
4 230 228 101 229
4 199 230 229 92
4 92 229 233 202
4 229 101 231 233
4 233 231 102 232
4 202 233 232 93
4 93 232 236 205
4 232 102 234 236
4 236 234 103 235
4 205 236 235 94
4 94 235 239 208
4 235 103 237 239
4 239 237 104 238
4 208 239 238 95
4 95 238 242 211
4 238 104 240 242
4 242 240 105 241
4 211 242 241 96
4 96 241 245 214
4 241 105 243 245
4 245 243 106 244
4 214 245 244 97
4 97 244 247 217
4 244 106 246 247
4 247 246 75 36
4 217 247 36 74
4 59 22 250 219
4 22 58 248 250
4 250 248 107 249
4 219 250 249 98
4 98 249 253 222
4 249 107 251 253
4 253 251 108 252
4 222 253 252 99
4 99 252 256 225
4 252 108 254 256
4 256 254 109 255
4 225 256 255 100
4 100 255 259 228
4 255 109 257 259
4 259 257 110 258
4 228 259 258 101
4 101 258 262 231
4 258 110 260 262
4 262 260 111 261
4 231 262 261 102
4 102 261 265 234
4 261 111 263 265
4 265 263 112 264
4 234 265 264 103
4 103 264 268 237
4 264 112 266 268
4 268 266 113 267
4 237 268 267 104
4 104 267 271 240
4 267 113 269 271
4 271 269 114 270
4 240 271 270 105
4 105 270 274 243
4 270 114 272 274
4 274 272 115 273
4 243 274 273 106
4 106 273 276 246
4 273 115 275 276
4 276 275 76 37
4 246 276 37 75
4 58 21 279 248
4 21 57 277 279
4 279 277 116 278
4 248 279 278 107
4 107 278 282 251
4 278 116 280 282
4 282 280 117 281
4 251 282 281 108
4 108 281 285 254
4 281 117 283 285
4 285 283 118 284
4 254 285 284 109
4 109 284 288 257
4 284 118 286 288
4 288 286 119 287
4 257 288 287 110
4 110 287 291 260
4 287 119 289 291
4 291 289 120 290
4 260 291 290 111
4 111 290 294 263
4 290 120 292 294
4 294 292 121 293
4 263 294 293 112
4 112 293 297 266
4 293 121 295 297
4 297 295 122 296
4 266 297 296 113
4 113 296 300 269
4 296 122 298 300
4 300 298 123 299
4 269 300 299 114
4 114 299 303 272
4 299 123 301 303
4 303 301 124 302
4 272 303 302 115
4 115 302 305 275
4 302 124 304 305
4 305 304 77 38
4 275 305 38 76
4 57 20 308 277
4 20 56 306 308
4 308 306 125 307
4 277 308 307 116
4 116 307 311 280
4 307 125 309 311
4 311 309 126 310
4 280 311 310 117
4 117 310 314 283
4 310 126 312 314
4 314 312 127 313
4 283 314 313 118
4 118 313 317 286
4 313 127 315 317
4 317 315 128 316
4 286 317 316 119
4 119 316 320 289
4 316 128 318 320
4 320 318 129 319
4 289 320 319 120
4 120 319 323 292
4 319 129 321 323
4 323 321 130 322
4 292 323 322 121
4 121 322 326 295
4 322 130 324 326
4 326 324 131 325
4 295 326 325 122
4 122 325 329 298
4 325 131 327 329
4 329 327 132 328
4 298 329 328 123
4 123 328 332 301
4 328 132 330 332
4 332 330 133 331
4 301 332 331 124
4 124 331 334 304
4 331 133 333 334
4 334 333 78 39
4 304 334 39 77
4 56 19 337 306
4 19 55 335 337
4 337 335 134 336
4 306 337 336 125
4 125 336 340 309
4 336 134 338 340
4 340 338 135 339
4 309 340 339 126
4 126 339 343 312
4 339 135 341 343
4 343 341 136 342
4 312 343 342 127
4 127 342 346 315
4 342 136 344 346
4 346 344 137 345
4 315 346 345 128
4 128 345 349 318
4 345 137 347 349
4 349 347 138 348
4 318 349 348 129
4 129 348 352 321
4 348 138 350 352
4 352 350 139 351
4 321 352 351 130
4 130 351 355 324
4 351 139 353 355
4 355 353 140 354
4 324 355 354 131
4 131 354 358 327
4 354 140 356 358
4 358 356 141 357
4 327 358 357 132
4 132 357 361 330
4 357 141 359 361
4 361 359 142 360
4 330 361 360 133
4 133 360 363 333
4 360 142 362 363
4 363 362 79 40
4 333 363 40 78
4 55 18 366 335
4 18 54 364 366
4 366 364 143 365
4 335 366 365 134
4 134 365 369 338
4 365 143 367 369
4 369 367 144 368
4 338 369 368 135
4 135 368 372 341
4 368 144 370 372
4 372 370 145 371
4 341 372 371 136
4 136 371 375 344
4 371 145 373 375
4 375 373 146 374
4 344 375 374 137
4 137 374 378 347
4 374 146 376 378
4 378 376 147 377
4 347 378 377 138
4 138 377 381 350
4 377 147 379 381
4 381 379 148 380
4 350 381 380 139
4 139 380 384 353
4 380 148 382 384
4 384 382 149 383
4 353 384 383 140
4 140 383 387 356
4 383 149 385 387
4 387 385 150 386
4 356 387 386 141
4 141 386 390 359
4 386 150 388 390
4 390 388 151 389
4 359 390 389 142
4 142 389 392 362
4 389 151 391 392
4 392 391 52 41
4 362 392 41 79
4 54 17 395 364
4 17 53 393 395
4 395 393 152 394
4 364 395 394 143
4 143 394 398 367
4 394 152 396 398
4 398 396 153 397
4 367 398 397 144
4 144 397 401 370
4 397 153 399 401
4 401 399 154 400
4 370 401 400 145
4 145 400 404 373
4 400 154 402 404
4 404 402 155 403
4 373 404 403 146
4 146 403 407 376
4 403 155 405 407
4 407 405 156 406
4 376 407 406 147
4 147 406 410 379
4 406 156 408 410
4 410 408 157 409
4 379 410 409 148
4 148 409 413 382
4 409 157 411 413
4 413 411 158 412
4 382 413 412 149
4 149 412 416 385
4 412 158 414 416
4 416 414 159 415
4 385 416 415 150
4 150 415 419 388
4 415 159 417 419
4 419 417 160 418
4 388 419 418 151
4 151 418 421 391
4 418 160 420 421
4 421 420 43 14
4 391 421 14 52
4 53 16 423 393
4 16 1 15 423
4 423 15 42 422
4 393 423 422 152
4 152 422 425 396
4 422 42 4 425
4 425 4 51 424
4 396 425 424 153
4 153 424 427 399
4 424 51 13 427
4 427 13 50 426
4 399 427 426 154
4 154 426 429 402
4 426 50 12 429
4 429 12 49 428
4 402 429 428 155
4 155 428 431 405
4 428 49 11 431
4 431 11 48 430
4 405 431 430 156
4 156 430 433 408
4 430 48 10 433
4 433 10 47 432
4 408 433 432 157
4 157 432 435 411
4 432 47 9 435
4 435 9 46 434
4 411 435 434 158
4 158 434 437 414
4 434 46 8 437
4 437 8 45 436
4 414 437 436 159
4 159 436 439 417
4 436 45 7 439
4 439 7 44 438
4 417 439 438 160
4 160 438 440 420
4 438 44 6 440
4 440 6 2 5
4 420 440 5 43

CELL_TYPES 484
1
1
1
1
3
3
3
3
3
3
3
3
3
3
3
3
3
3
3
3
3
3
3
3
3
3
3
3
3
3
3
3
3
3
3
3
3
3
3
3
3
3
3
3
3
3
3
3
3
3
3
3
3
3
3
3
3
3
3
3
3
3
3
3
3
3
3
3
3
3
3
3
3
3
3
3
3
3
3
3
3
3
3
3
9
9
9
9
9
9
9
9
9
9
9
9
9
9
9
9
9
9
9
9
9
9
9
9
9
9
9
9
9
9
9
9
9
9
9
9
9
9
9
9
9
9
9
9
9
9
9
9
9
9
9
9
9
9
9
9
9
9
9
9
9
9
9
9
9
9
9
9
9
9
9
9
9
9
9
9
9
9
9
9
9
9
9
9
9
9
9
9
9
9
9
9
9
9
9
9
9
9
9
9
9
9
9
9
9
9
9
9
9
9
9
9
9
9
9
9
9
9
9
9
9
9
9
9
9
9
9
9
9
9
9
9
9
9
9
9
9
9
9
9
9
9
9
9
9
9
9
9
9
9
9
9
9
9
9
9
9
9
9
9
9
9
9
9
9
9
9
9
9
9
9
9
9
9
9
9
9
9
9
9
9
9
9
9
9
9
9
9
9
9
9
9
9
9
9
9
9
9
9
9
9
9
9
9
9
9
9
9
9
9
9
9
9
9
9
9
9
9
9
9
9
9
9
9
9
9
9
9
9
9
9
9
9
9
9
9
9
9
9
9
9
9
9
9
9
9
9
9
9
9
9
9
9
9
9
9
9
9
9
9
9
9
9
9
9
9
9
9
9
9
9
9
9
9
9
9
9
9
9
9
9
9
9
9
9
9
9
9
9
9
9
9
9
9
9
9
9
9
9
9
9
9
9
9
9
9
9
9
9
9
9
9
9
9
9
9
9
9
9
9
9
9
9
9
9
9
9
9
9
9
9
9
9
9
9
9
9
9
9
9
9
9
9
9
9
9
9
9
9
9
9
9
9
9
9
9
9
9
9
9
9
9
9
9
9
9
9
9
9
9
9
9
9
9
9
9
9
9
9
9
9
9
9
9
9
9
9
9
9
9
9
9
9
9
9
9
9
9
9
9
